0.000000 28.274334 0.005655 1.570796 0.000000
0.010000 14.926588 0.014233 1.570796 12.214512
0.020000 5.053803 0.023722 1.570796 20.971575
0.030000 12.533815 0.035600 1.570796 9.056218
0.040000 17.312702 0.050786 1.570796 0.293914
0.050000 13.275474 0.068426 1.570796 2.311765
0.060000 10.524851 0.087928 1.570796 3.097439
0.070000 11.841098 0.109516 1.570796 -0.832170
0.080000 12.251165 0.133232 1.570796 -3.564358
0.090000 10.587595 0.158698 1.570796 -3.631721
0.100000 9.364924 0.185627 1.570796 -4.035666
0.110000 9.116445 0.213929 1.570796 -5.459455
0.120000 8.620449 0.243463 1.570796 -6.454885
0.130000 7.672287 0.274001 1.570796 -6.766408
0.140000 6.893414 0.305346 1.570796 -7.143478
0.150000 6.378160 0.337359 1.570796 -7.716369
0.160000 5.828211 0.369892 1.570796 -8.136994
0.170000 5.211925 0.402788 1.570796 -8.370745
0.180000 4.680222 0.435906 1.570796 -8.605511
0.190000 4.246316 0.469128 1.570796 -8.866683
0.200000 3.835716 0.502342 1.570796 -9.072074
0.210000 3.443762 0.535439 1.570796 -9.221684
0.220000 3.105055 0.568327 1.570796 -9.363168
0.230000 2.818460 0.600921 1.570796 -9.501605
0.240000 2.564269 0.633147 1.570796 -9.618871
0.250000 2.339854 0.664939 1.570796 -9.716840
0.260000 2.151488 0.696238 1.570796 -9.807777
0.270000 1.996716 0.726994 1.570796 -9.893402
0.280000 1.868598 0.757164 1.570796 -9.969496
0.290000 1.765007 0.786712 1.570796 -10.037309
0.300000 1.685153 0.815606 1.570796 -10.099496
0.310000 1.627221 0.843823 1.570796 -10.157152
0.320000 1.588453 0.871342 1.570796 -10.210121
0.330000 1.565584 0.898149 1.570796 -10.257153
0.340000 1.558532 0.924232 1.570796 -10.300746
0.350000 1.564281 0.949584 1.570796 -10.339496
0.360000 1.582558 0.974201 1.570796 -10.375277
0.370000 1.610451 0.998083 1.570796 -10.406683
0.380000 1.647027 1.021230 1.570796 -10.434340
0.390000 1.691692 1.043648 1.570796 -10.459027
0.400000 1.742413 1.065343 1.570796 -10.479809
0.410000 1.798732 1.086322 1.570796 -10.497622
0.420000 1.859752 1.106595 1.570796 -10.512465
0.430000 1.924475 1.126173 1.570796 -10.524341
0.440000 1.992063 1.145068 1.570796 -10.533247
0.450000 2.062114 1.163293 1.570796 -10.539653
0.460000 2.133962 1.180862 1.570796 -10.543559
0.470000 2.207458 1.197789 1.570796 -10.545590
0.480000 2.281075 1.214090 1.570796 -10.544497
0.490000 2.355419 1.229780 1.570796 -10.541684
0.500000 2.429859 1.244874 1.570796 -10.536997
0.510000 2.504032 1.259389 1.570796 -10.530435
0.520000 2.578281 1.273340 1.570796 -10.522935
0.530000 2.651192 1.286744 1.570796 -10.513247
0.540000 2.723897 1.299618 1.570796 -10.502935
0.550000 2.795745 1.311976 1.570796 -10.491686
0.560000 2.865495 1.323836 1.570796 -10.478249
0.570000 2.934593 1.335212 1.570796 -10.464499
0.580000 3.002507 1.346122 1.570796 -10.450124
0.590000 3.068696 1.356580 1.570796 -10.434812
0.600000 3.133427 1.366601 1.570796 -10.418874
0.610000 3.196775 1.376201 1.570796 -10.402624
0.620000 3.258073 1.385394 1.570796 -10.385437
0.630000 3.318356 1.394195 1.570796 -10.368562
0.640000 3.377664 1.402617 1.570796 -10.352312
0.650000 3.434436 1.410675 1.570796 -10.334812
0.660000 3.489001 1.418382 1.570796 -10.316375
0.670000 3.543255 1.425751 1.570796 -10.299500
0.680000 3.595520 1.432794 1.570796 -10.282312
0.690000 3.646304 1.439525 1.570796 -10.265437
0.700000 3.695472 1.445954 1.570796 -10.248562
0.710000 3.743104 1.452095 1.570796 -10.231999
0.720000 3.788919 1.457958 1.570796 -10.215124
0.730000 3.833470 1.463554 1.570796 -10.198874
0.740000 3.877119 1.468895 1.570796 -10.183562
0.750000 3.918393 1.473989 1.570796 -10.167624
0.760000 3.958843 1.478849 1.570796 -10.152624
0.770000 3.997786 1.483482 1.570796 -10.137937
0.780000 4.034788 1.487898 1.570796 -10.122936
0.790000 4.071741 1.492108 1.570796 -10.109811
0.800000 4.107242 1.496118 1.570796 -10.096998
0.810000 4.140142 1.499938 1.570796 -10.082935
0.820000 4.173090 1.503577 1.570796 -10.070747
0.830000 4.204738 1.507040 1.570796 -10.058872
0.839999 4.234604 1.510338 1.570796 -10.046684
0.849999 4.263541 1.513475 1.570796 -10.035122
0.859999 4.291751 1.516461 1.570796 -10.024497
0.869999 4.318947 1.519300 1.570796 -10.014185
0.879999 4.344566 1.522001 1.570796 -10.003873
0.889999 4.369025 1.524568 1.570796 -9.993561
0.899999 4.393236 1.527009 1.570796 -9.984498
0.909999 4.416129 1.529328 1.570796 -9.975435
0.919999 4.438636 1.531531 1.570796 -9.967623
0.929999 4.460080 1.533625 1.570796 -9.959810
0.939999 4.480099 1.535613 1.570796 -9.951685
0.949999 4.499043 1.537501 1.570796 -9.943560
0.959999 4.518380 1.539292 1.570796 -9.937309
0.969999 4.537251 1.540993 1.570796 -9.931684
0.979999 4.553639 1.542608 1.570796 -9.924185
0.989999 4.570061 1.544139 1.570796 -9.917934
0.999999 4.586126 1.545592 1.570796 -9.912310
1.009999 4.601547 1.546970 1.570796 -9.906997
1.019999 4.615093 1.548276 1.570796 -9.900746
1.029999 4.628992 1.549514 1.570796 -9.895746
1.039999 4.642420 1.550688 1.570796 -9.891059
1.049999 4.655714 1.551800 1.570796 -9.887309
1.059999 4.666955 1.552854 1.570796 -9.881996
1.069999 4.678874 1.553852 1.570796 -9.878246
1.079999 4.690518 1.554797 1.570796 -9.875121
1.089999 4.700569 1.555692 1.570796 -9.870746
1.099999 4.709751 1.556539 1.570796 -9.866058
1.109999 4.719715 1.557341 1.570796 -9.863246
1.119999 4.729531 1.558100 1.570796 -9.860746
1.129999 4.739391 1.558818 1.570796 -9.859184
1.139999 4.746947 1.559497 1.570796 -9.855434
1.149999 4.754294 1.560140 1.570796 -9.851997
1.159999 4.762132 1.560748 1.570796 -9.849810
1.169999 4.770071 1.561322 1.570796 -9.848248
1.179999 4.776400 1.561865 1.570796 -9.845435
1.189999 4.782654 1.562379 1.570796 -9.842936
1.199999 4.789650 1.562864 1.570796 -9.841685
1.209999 4.796190 1.563322 1.570796 -9.840435
1.219999 4.800024 1.563755 1.570796 -9.836372
1.229999 4.805551 1.564164 1.570796 -9.834810
1.239999 4.812537 1.564550 1.570796 -9.835435
1.249999 4.817223 1.564915 1.570796 -9.833560
1.259999 4.821041 1.565259 1.570796 -9.831060
1.269999 4.824785 1.565584 1.570796 -9.828873
1.279999 4.828717 1.565891 1.570796 -9.827311
1.289999 4.834042 1.566180 1.570796 -9.827623
1.299999 4.837482 1.566453 1.570796 -9.826061
1.309999 4.840664 1.566710 1.570796 -9.824499
1.319999 4.844601 1.566953 1.570796 -9.824186
1.329999 4.847890 1.567182 1.570796 -9.823249
1.339999 4.850296 1.567397 1.570796 -9.821374
1.349999 4.853948 1.567600 1.570796 -9.821374
1.359999 4.856668 1.567792 1.570796 -9.820436
1.369999 4.858305 1.567972 1.570796 -9.818562
1.379999 4.861077 1.568142 1.570796 -9.818249
1.389999 4.864261 1.568301 1.570796 -9.818562
1.399999 4.865686 1.568452 1.570796 -9.816999
1.409999 4.867961 1.568593 1.570796 -9.816687
1.419999 4.870947 1.568726 1.570796 -9.817311
1.429999 4.873171 1.568852 1.570796 -9.817311
1.439999 4.873983 1.568970 1.570796 -9.815749
1.449999 4.876364 1.569081 1.570796 -9.816062
1.459999 4.878585 1.569186 1.570796 -9.816375
1.469999 4.879505 1.569284 1.570796 -9.815125
1.479999 4.880335 1.569377 1.570796 -9.814187
1.489999 4.881829 1.569464 1.570796 -9.813874
1.499999 4.883962 1.569546 1.570796 -9.814499
1.509999 4.884549 1.569623 1.570796 -9.813561
1.519999 4.884697 1.569696 1.570796 -9.811999
1.529999 4.886889 1.569764 1.570796 -9.812937
1.539999 4.888071 1.569828 1.570796 -9.812937
1.549999 4.888457 1.569888 1.570796 -9.811999
1.559999 4.889862 1.569944 1.570796 -9.812312
1.569999 4.890320 1.569997 1.570796 -9.811687
1.579999 4.891777 1.570046 1.570796 -9.812312
1.589999 4.891965 1.570093 1.570796 -9.811375
1.599999 4.892771 1.570137 1.570796 -9.811375
1.609999 4.894088 1.570178 1.570796 -9.811999
1.619999 4.894694 1.570216 1.570796 -9.811687
1.629999 4.895710 1.570253 1.570796 -9.811999
1.639999 4.895500 1.570287 1.570796 -9.810749
1.649999 4.895545 1.570318 1.570796 -9.810124
1.659999 4.896447 1.570348 1.570796 -9.810437
1.669999 4.897436 1.570376 1.570796 -9.811062
1.679999 4.897904 1.570403 1.570796 -9.811062
1.689999 4.898348 1.570427 1.570796 -9.811062
1.699999 4.898327 1.570450 1.570796 -9.810437
1.709999 4.898888 1.570472 1.570796 -9.810437
1.719999 4.899565 1.570492 1.570796 -9.810750
1.729999 4.899787 1.570511 1.570796 -9.810750
1.739999 4.900121 1.570529 1.570796 -9.810750
1.749999 4.900717 1.570546 1.570796 -9.811063
1.759999 4.900269 1.570562 1.570796 -9.810125
1.769999 4.900601 1.570577 1.570796 -9.810125
1.779999 4.901306 1.570591 1.570796 -9.810438
1.789999 4.901830 1.570604 1.570796 -9.810751
1.799999 4.901315 1.570616 1.570796 -9.809813
1.809999 4.901153 1.570627 1.570796 -9.809189
1.819999 4.901337 1.570638 1.570796 -9.809189
1.829999 4.901790 1.570648 1.570796 -9.809502
1.839999 4.902361 1.570657 1.570796 -9.810126
1.849999 4.902556 1.570665 1.570796 -9.810126
1.859999 4.902734 1.570673 1.570796 -9.810126
1.869999 4.903337 1.570681 1.570796 -9.810751
1.879999 4.903170 1.570688 1.570796 -9.810438
1.889999 4.902862 1.570695 1.570796 -9.809813
1.899999 4.903593 1.570701 1.570796 -9.810438
1.909999 4.903696 1.570707 1.570796 -9.810438
1.919999 4.902637 1.570712 1.570796 -9.808876
1.929999 4.903451 1.570718 1.570796 -9.809813
1.939999 4.903862 1.570722 1.570796 -9.810126
1.949998 4.903797 1.570727 1.570796 -9.809813
1.959998 4.903346 1.570731 1.570796 -9.809189
1.969998 4.903389 1.570735 1.570796 -9.809189
1.979998 4.903706 1.570738 1.570796 -9.809502
1.989998 4.904430 1.570742 1.570796 -9.810439
1.999998 4.904198 1.570745 1.570796 -9.810126
2.009999 4.904271 1.570748 1.570796 -9.810126
2.019999 4.904505 1.570751 1.570796 -9.810439
2.029999 4.904112 1.570753 1.570796 -9.809814
2.039999 4.904482 1.570756 1.570796 -9.810127
2.049999 4.904538 1.570758 1.570796 -9.810127
2.059999 4.904154 1.570760 1.570796 -9.809503
2.069999 4.904132 1.570762 1.570796 -9.809503
2.079998 4.904394 1.570764 1.570796 -9.809815
2.089998 4.904745 1.570766 1.570796 -9.810128
2.099998 4.904502 1.570768 1.570796 -9.809815
2.109998 4.904567 1.570769 1.570796 -9.809815
2.119998 4.904624 1.570771 1.570796 -9.809815
2.129998 4.904841 1.570772 1.570796 -9.810128
2.139998 4.904275 1.570773 1.570796 -9.809191
2.149998 4.904534 1.570774 1.570796 -9.809504
2.159998 4.904489 1.570775 1.570796 -9.809504
2.169998 4.904327 1.570776 1.570796 -9.809504
2.179998 4.904859 1.570777 1.570796 -9.810128
2.189998 4.904891 1.570778 1.570796 -9.810128
2.199998 4.905200 1.570779 1.570796 -9.810441
2.209998 4.904918 1.570780 1.570796 -9.810128
2.219998 4.904950 1.570780 1.570796 -9.810128
2.229998 4.904538 1.570781 1.570796 -9.809504
2.239998 4.905045 1.570782 1.570796 -9.810128
2.249998 4.905340 1.570783 1.570796 -9.810441
2.259998 4.904891 1.570783 1.570796 -9.809816
2.269998 4.904217 1.570784 1.570796 -9.808879
2.279998 4.904216 1.570784 1.570796 -9.808879
2.289998 4.904772 1.570785 1.570796 -9.809504
2.299998 4.904552 1.570785 1.570796 -9.809191
2.309998 4.904515 1.570785 1.570796 -9.809191
2.319998 4.905036 1.570785 1.570796 -9.809815
2.329998 4.905344 1.570785 1.570796 -9.810128
2.339998 4.904615 1.570785 1.570796 -9.809191
2.349998 4.905130 1.570786 1.570796 -9.809815
2.359998 4.904863 1.570786 1.570796 -9.809503
2.369998 4.905236 1.570786 1.570796 -9.810127
2.379998 4.904242 1.570786 1.570796 -9.808877
2.389998 4.905349 1.570786 1.570796 -9.810127
2.399998 4.905463 1.570786 1.570796 -9.810127
2.409998 4.904727 1.570786 1.570796 -9.809190
2.419998 4.904675 1.570787 1.570796 -9.809190
2.429998 4.904350 1.570787 1.570796 -9.808877
2.439998 4.904779 1.570786 1.570796 -9.809502
2.449998 4.904715 1.570786 1.570796 -9.809502
2.459998 4.905653 1.570786 1.570796 -9.810752
2.469998 4.905450 1.570786 1.570796 -9.810439
2.479998 4.904989 1.570787 1.570796 -9.809814
2.489998 4.905463 1.570787 1.570796 -9.810439
2.499998 4.904564 1.570787 1.570796 -9.809189
2.509998 4.905085 1.570787 1.570796 -9.809813
2.519998 4.904990 1.570787 1.570796 -9.809813
2.529998 4.904744 1.570787 1.570796 -9.809501
2.539998 4.904964 1.570787 1.570796 -9.809813
2.549998 4.905275 1.570787 1.570796 -9.810126
2.559998 4.905275 1.570787 1.570796 -9.810126
2.569998 4.904994 1.570787 1.570796 -9.809813
2.579998 4.905308 1.570788 1.570796 -9.810126
2.589998 4.904583 1.570788 1.570796 -9.809189
2.599998 4.905259 1.570788 1.570796 -9.810126
2.609998 4.904981 1.570788 1.570796 -9.809813
2.619998 4.905289 1.570788 1.570796 -9.810126
2.629998 4.905164 1.570789 1.570796 -9.810126
2.639998 4.905177 1.570789 1.570796 -9.810126
2.649998 4.904753 1.570789 1.570796 -9.809502
2.659998 4.904574 1.570789 1.570796 -9.809502
2.669998 4.904808 1.570789 1.570796 -9.809814
2.679998 4.905573 1.570789 1.570796 -9.810752
2.689998 4.905101 1.570790 1.570796 -9.810127
2.699998 4.904998 1.570790 1.570796 -9.810127
2.709998 4.905025 1.570790 1.570796 -9.810127
2.719998 4.905172 1.570790 1.570796 -9.810127
2.729998 4.904904 1.570791 1.570796 -9.809814
2.739998 4.904942 1.570791 1.570796 -9.809814
2.749998 4.905099 1.570791 1.570796 -9.809814
2.759998 4.904846 1.570791 1.570796 -9.809502
2.769998 4.904067 1.570791 1.570796 -9.808564
2.779998 4.904524 1.570791 1.570796 -9.809189
2.789998 4.905206 1.570791 1.570796 -9.810126
2.799998 4.905214 1.570791 1.570796 -9.810126
2.809998 4.905221 1.570791 1.570796 -9.810126
2.819998 4.905228 1.570791 1.570796 -9.810126
2.829998 4.904959 1.570791 1.570796 -9.809813
2.839998 4.904444 1.570791 1.570796 -9.809189
2.849998 4.904583 1.570791 1.570796 -9.809502
2.859998 4.904984 1.570791 1.570796 -9.810126
2.869998 4.905013 1.570791 1.570796 -9.810126
2.879998 4.905914 1.570791 1.570796 -9.811377
2.889998 4.905401 1.570791 1.570796 -9.810752
2.899998 4.905386 1.570792 1.570796 -9.810752
2.909998 4.904932 1.570792 1.570796 -9.810127
2.919998 4.905129 1.570792 1.570796 -9.810440
2.929998 4.904862 1.570792 1.570796 -9.810127
2.939998 4.905458 1.570793 1.570796 -9.810752
2.949998 4.905273 1.570793 1.570796 -9.810439
2.959998 4.905156 1.570793 1.570796 -9.810439
2.969998 4.904333 1.570794 1.570796 -9.809502
2.979998 4.904709 1.570794 1.570796 -9.809814
2.989998 4.905770 1.570794 1.570796 -9.811065
2.999998 4.904444 1.570794 1.570796 -9.809503
3.009998 4.904415 1.570795 1.570796 -9.809503
3.019998 4.905111 1.570795 1.570796 -9.810440
3.029998 4.905124 1.570795 1.570796 -9.810440
3.039998 4.905416 1.570795 1.570796 -9.810753
3.049998 4.905398 1.570795 1.570796 -9.810753
3.059998 4.904669 1.570796 1.570796 -9.809815
3.069998 4.904736 1.570796 1.570796 -9.809815
3.079998 4.905074 1.570796 1.570796 -9.810128
3.089998 4.904935 1.570796 1.570796 -9.809815
3.099998 4.904975 1.570796 1.570796 -9.809815
3.109998 4.905005 1.570797 1.570796 -9.809815
3.119998 4.905321 1.570797 1.570796 -9.810128
3.129997 4.904048 1.570797 1.570796 -9.808566
3.139997 4.904469 1.570797 1.570796 -9.808879
3.149997 4.905006 1.570797 1.570796 -9.809504
3.159997 4.904654 1.570796 1.570796 -9.809191
3.169997 4.904054 1.570796 1.570796 -9.808566
3.179997 4.905187 1.570796 1.570796 -9.809816
3.189997 4.905649 1.570796 1.570796 -9.810441
3.199997 4.904343 1.570796 1.570796 -9.808879
3.209997 4.904331 1.570795 1.570796 -9.808879
3.219997 4.905594 1.570795 1.570796 -9.810441
3.229997 4.905566 1.570795 1.570796 -9.810441
3.239997 4.904704 1.570795 1.570796 -9.809504
3.249997 4.904819 1.570794 1.570796 -9.809816
3.259997 4.904866 1.570794 1.570796 -9.809816
3.269997 4.905909 1.570794 1.570796 -9.811067
3.279997 4.905410 1.570794 1.570796 -9.810442
3.289997 4.904399 1.570794 1.570796 -9.809192
3.299997 4.905258 1.570794 1.570796 -9.810442
3.309997 4.905260 1.570794 1.570796 -9.810442
3.319997 4.905261 1.570794 1.570796 -9.810442
3.329997 4.905262 1.570794 1.570796 -9.810442
3.339997 4.904990 1.570794 1.570796 -9.810129
3.349997 4.904584 1.570794 1.570796 -9.809505
3.359997 4.905259 1.570794 1.570796 -9.810442
3.369997 4.905261 1.570794 1.570796 -9.810442
3.379997 4.904982 1.570794 1.570796 -9.810129
3.389997 4.905174 1.570794 1.570796 -9.810442
3.399997 4.905186 1.570794 1.570796 -9.810442
3.409997 4.905073 1.570795 1.570796 -9.810442
3.419997 4.905253 1.570795 1.570796 -9.810755
3.429997 4.904971 1.570795 1.570796 -9.810442
3.439997 4.905560 1.570795 1.570796 -9.811067
3.449997 4.904812 1.570796 1.570796 -9.810129
3.459997 4.904583 1.570796 1.570796 -9.809816
3.469997 4.905096 1.570796 1.570796 -9.810441
3.479997 4.905110 1.570796 1.570796 -9.810441
3.489997 4.905130 1.570797 1.570796 -9.810441
3.499997 4.904874 1.570797 1.570796 -9.810128
3.509997 4.904202 1.570797 1.570796 -9.809191
3.519997 4.905033 1.570797 1.570796 -9.810128
3.529997 4.905776 1.570797 1.570796 -9.811066
3.539997 4.904884 1.570798 1.570796 -9.810128
3.549997 4.904764 1.570798 1.570796 -9.809815
3.559997 4.905378 1.570798 1.570796 -9.810440
3.569997 4.905092 1.570798 1.570796 -9.810127
3.579997 4.904394 1.570798 1.570796 -9.809190
3.589997 4.904935 1.570798 1.570796 -9.809814
3.599997 4.904696 1.570798 1.570796 -9.809502
3.609997 4.904928 1.570798 1.570796 -9.809814
3.619997 4.904689 1.570798 1.570796 -9.809502
3.629997 4.904922 1.570798 1.570796 -9.809814
3.639997 4.904685 1.570798 1.570796 -9.809502
3.649997 4.905195 1.570798 1.570796 -9.810126
3.659997 4.905048 1.570798 1.570796 -9.809813
3.669997 4.905082 1.570798 1.570796 -9.809813
3.679997 4.904552 1.570798 1.570796 -9.809189
3.689997 4.904801 1.570798 1.570796 -9.809502
3.699997 4.904624 1.570798 1.570796 -9.809502
3.709997 4.904858 1.570797 1.570796 -9.809814
3.719997 4.905622 1.570797 1.570796 -9.810752
3.729997 4.905423 1.570797 1.570796 -9.810439
3.739997 4.905412 1.570797 1.570796 -9.810439
3.749997 4.904842 1.570797 1.570796 -9.809814
3.759997 4.904894 1.570797 1.570796 -9.809814
3.769997 4.904939 1.570797 1.570796 -9.809814
3.779997 4.904980 1.570797 1.570796 -9.809814
3.789997 4.905015 1.570797 1.570796 -9.809814
3.799997 4.905052 1.570797 1.570796 -9.809814
3.809997 4.904526 1.570797 1.570796 -9.809190
3.819997 4.904615 1.570797 1.570796 -9.809190
3.829997 4.905135 1.570797 1.570796 -9.809814
3.839997 4.904884 1.570796 1.570796 -9.809502
3.849997 4.904267 1.570796 1.570796 -9.808877
3.859997 4.904427 1.570796 1.570796 -9.809190
3.869997 4.905405 1.570795 1.570796 -9.810440
3.879997 4.905396 1.570795 1.570796 -9.810440
3.889997 4.905107 1.570795 1.570796 -9.810127
3.899997 4.905407 1.570795 1.570796 -9.810440
3.909997 4.905124 1.570794 1.570796 -9.810127
3.919997 4.904585 1.570794 1.570796 -9.809503
3.929997 4.905264 1.570794 1.570796 -9.810440
3.939997 4.905265 1.570794 1.570796 -9.810440
3.949997 4.905546 1.570794 1.570796 -9.810753
3.959997 4.905084 1.570794 1.570796 -9.810128
3.969997 4.904671 1.570794 1.570796 -9.809504
3.979997 4.905062 1.570794 1.570796 -9.810128
3.989997 4.904814 1.570794 1.570796 -9.809815
3.999997 4.904862 1.570794 1.570796 -9.809815
4.009997 4.905749 1.570794 1.570796 -9.810753
4.019997 4.904826 1.570794 1.570796 -9.809503
4.029997 4.904600 1.570794 1.570796 -9.809190
4.039998 4.905121 1.570794 1.570796 -9.809814
4.049998 4.904593 1.570793 1.570796 -9.809190
4.059998 4.904284 1.570793 1.570796 -9.808877
4.069998 4.904441 1.570793 1.570796 -9.809190
4.079998 4.905138 1.570792 1.570796 -9.810127
4.089999 4.905590 1.570792 1.570796 -9.810752
4.099999 4.905563 1.570792 1.570796 -9.810752
4.109999 4.904819 1.570792 1.570796 -9.809814
4.119999 4.905147 1.570792 1.570796 -9.810127
4.130000 4.905602 1.570792 1.570796 -9.810752
4.140000 4.905010 1.570792 1.570796 -9.810127
4.150000 4.905035 1.570792 1.570796 -9.810127
4.160000 4.905773 1.570792 1.570796 -9.811065
4.170001 4.905557 1.570792 1.570796 -9.810752
4.180001 4.904813 1.570792 1.570796 -9.809814
4.190001 4.904578 1.570793 1.570796 -9.809502
4.200001 4.905538 1.570793 1.570796 -9.810752
4.210001 4.904508 1.570793 1.570796 -9.809502
4.220002 4.905303 1.570793 1.570796 -9.810439
4.230002 4.905735 1.570794 1.570796 -9.811064
4.240002 4.904693 1.570794 1.570796 -9.809813
4.250002 4.904634 1.570794 1.570796 -9.809813
4.260003 4.905251 1.570794 1.570796 -9.810438
4.270003 4.905811 1.570795 1.570796 -9.811063
4.280003 4.904480 1.570795 1.570796 -9.809501
4.290003 4.904447 1.570795 1.570796 -9.809501
4.300004 4.904852 1.570795 1.570796 -9.810125
4.310004 4.905734 1.570796 1.570796 -9.811063
4.320004 4.904969 1.570796 1.570796 -9.810125
4.330004 4.904281 1.570796 1.570796 -9.809188
4.340004 4.905270 1.570796 1.570796 -9.810438
4.350005 4.904986 1.570797 1.570796 -9.810125
4.360005 4.905184 1.570797 1.570796 -9.810438
4.370005 4.904201 1.570797 1.570796 -9.809188
4.380005 4.904915 1.570797 1.570796 -9.810125
4.390006 4.905505 1.570797 1.570796 -9.810750
4.400006 4.905757 1.570798 1.570796 -9.811063
4.410006 4.904549 1.570798 1.570796 -9.809501
4.420006 4.904793 1.570798 1.570796 -9.809813
4.430007 4.904850 1.570798 1.570796 -9.809813
4.440007 4.904738 1.570798 1.570796 -9.809501
4.450007 4.904965 1.570798 1.570796 -9.809813
4.460007 4.904288 1.570798 1.570796 -9.808876
4.470007 4.904842 1.570798 1.570796 -9.809501
4.480008 4.905057 1.570798 1.570796 -9.809813
4.490008 4.904809 1.570798 1.570796 -9.809501
4.500008 4.904748 1.570798 1.570796 -9.809501
4.510008 4.904857 1.570798 1.570796 -9.809813
4.520009 4.904907 1.570797 1.570796 -9.809813
4.530009 4.905387 1.570797 1.570796 -9.810438
4.540009 4.905379 1.570797 1.570796 -9.810438
4.550009 4.904814 1.570797 1.570796 -9.809813
4.560009 4.905032 1.570797 1.570796 -9.810126
4.570010 4.904781 1.570797 1.570796 -9.809813
4.580010 4.905393 1.570797 1.570796 -9.810438
4.590010 4.905385 1.570797 1.570796 -9.810438
4.600010 4.904662 1.570797 1.570796 -9.809501
4.610011 4.904618 1.570797 1.570796 -9.809501
4.620011 4.904736 1.570797 1.570796 -9.809813
4.630011 4.905237 1.570796 1.570796 -9.810438
4.640011 4.905241 1.570796 1.570796 -9.810438
4.650012 4.905251 1.570796 1.570796 -9.810438
4.660012 4.904701 1.570796 1.570796 -9.809813
4.670012 4.905049 1.570796 1.570796 -9.810126
4.680012 4.905077 1.570796 1.570796 -9.810126
4.690012 4.905100 1.570796 1.570796 -9.810126
4.700013 4.905121 1.570796 1.570796 -9.810126
4.710013 4.905139 1.570796 1.570796 -9.810126
4.720013 4.905155 1.570796 1.570796 -9.810126
4.730013 4.905169 1.570796 1.570796 -9.810126
4.740014 4.904915 1.570796 1.570796 -9.809813
4.750014 4.903687 1.570796 1.570796 -9.808251
4.760014 4.905301 1.570796 1.570796 -9.810126
4.770014 4.905303 1.570796 1.570796 -9.810126
4.780015 4.905026 1.570796 1.570796 -9.809813
4.790015 4.905063 1.570796 1.570796 -9.809813
4.800015 4.904378 1.570796 1.570796 -9.808876
4.810015 4.904368 1.570795 1.570796 -9.808876
4.820015 4.905074 1.570795 1.570796 -9.809813
4.830016 4.905104 1.570795 1.570796 -9.809813
4.840016 4.904851 1.570795 1.570796 -9.809501
4.850016 4.904947 1.570794 1.570796 -9.809813
4.860016 4.904986 1.570794 1.570796 -9.809813
4.870017 4.905457 1.570794 1.570796 -9.810438
4.880017 4.905602 1.570794 1.570796 -9.810751
4.890017 4.905005 1.570794 1.570796 -9.810126
4.900017 4.905591 1.570794 1.570796 -9.810751
4.910017 4.905559 1.570794 1.570796 -9.810751
4.920018 4.904694 1.570794 1.570796 -9.809813
4.930018 4.904757 1.570794 1.570796 -9.809813
4.940018 4.905528 1.570794 1.570796 -9.810751
4.950018 4.905341 1.570794 1.570796 -9.810438
4.960019 4.904619 1.570794 1.570796 -9.809501
4.970019 4.904698 1.570794 1.570796 -9.809501
4.980019 4.904650 1.570794 1.570796 -9.809501
4.990019 4.904601 1.570794 1.570796 -9.809501
5.000020 33.179729 1.576449 3.141593 -9.810438
5.010020 19.831902 1.585033 3.141593 2.404249
5.020020 9.948855 1.594540 3.141593 11.173937
5.030020 17.405682 1.606452 3.141593 -0.712626
5.040020 22.154619 1.621695 3.141593 -9.436687
5.050021 18.078821 1.639422 3.141593 -7.368875
5.060021 15.274990 1.659048 3.141593 -6.513875
5.070021 16.521858 1.680806 3.141593 -10.352000
5.080021 16.850199 1.704740 3.141593 -12.974813
5.090022 15.091118 1.730481 3.141593 -12.912937
5.100022 13.758308 1.757748 3.141593 -13.166062
5.110022 13.383595 1.786455 3.141593 -14.415125
5.120022 12.747232 1.816466 3.141593 -15.213875
5.130023 11.644413 1.847555 3.141593 -15.306375
5.140023 10.696980 1.879528 3.141593 -15.441999
5.150023 10.000805 1.912247 3.141593 -15.752625
5.160023 9.257807 1.945566 3.141593 -15.890124
5.170023 8.437232 1.979326 3.141593 -15.820749
5.180024 7.690266 2.013387 3.141593 -15.732624
5.190024 7.032738 2.047627 3.141593 -15.653874
5.200024 6.389658 2.081931 3.141593 -15.502000
5.210024 5.758793 2.116188 3.141593 -15.279813
5.220025 5.175895 2.150299 3.141593 -15.036375
5.230025 4.640668 2.184176 3.141593 -14.777625
5.240025 4.133052 2.217739 3.141593 -14.485750
5.250025 3.653395 2.250914 3.141593 -14.166062
5.260026 3.210204 2.283637 3.141593 -13.833875
5.270026 2.801273 2.315850 3.141593 -13.491375
5.280026 2.418993 2.347505 3.141593 -13.133875
5.290026 2.063364 2.378555 3.141593 -12.765750
5.300026 1.735345 2.408964 3.141593 -12.392000
5.310027 1.432953 2.438700 3.141593 -12.013875
5.320027 1.153657 2.467735 3.141593 -11.632000
5.330027 0.896630 2.496047 3.141593 -11.248250
5.340027 0.659698 2.523617 3.141593 -10.863250
5.350028 0.444327 2.550432 3.141593 -10.481375
5.360028 0.247892 2.576481 3.141593 -10.102625
5.370028 0.066395 2.601758 3.141593 -9.723875
5.380028 -0.097764 2.626259 3.141593 -9.350750
5.390028 -0.244490 2.649982 3.141593 -8.985125
5.400029 -0.378757 2.672930 3.141593 -8.623250
5.410029 -0.500144 2.695104 3.141593 -8.267000
5.420029 -0.607402 2.716512 3.141593 -7.919500
5.430029 -0.703009 2.737161 3.141593 -7.579500
5.440030 -0.787747 2.757059 3.141593 -7.247625
5.450030 -0.862290 2.776218 3.141593 -6.923875
5.460030 -0.927729 2.794650 3.141593 -6.608250
5.470030 -0.983933 2.812366 3.141593 -6.302000
5.480031 -1.031870 2.829382 3.141593 -6.004500
5.490031 -1.072796 2.845712 3.141593 -5.715750
5.500031 -1.107169 2.861371 3.141593 -5.435750
5.510031 -1.131783 2.876376 3.141593 -5.168875
5.520031 -1.154039 2.890743 3.141593 -4.907000
5.530032 -1.169227 2.904489 3.141593 -4.656374
5.540032 -1.179236 2.917631 3.141593 -4.415124
5.550032 -1.183845 2.930187 3.141593 -4.183875
5.560032 -1.185070 2.942175 3.141593 -3.960750
5.570033 -1.185084 2.953611 3.141593 -3.743250
5.580033 -1.177158 2.964514 3.141593 -3.540125
5.590033 -1.167863 2.974902 3.141593 -3.343250
5.600033 -1.157021 2.984792 3.141593 -3.153250
5.610034 -1.143038 2.994201 3.141593 -2.972625
5.620034 -1.127095 3.003147 3.141593 -2.799500
5.630034 -1.107522 3.011646 3.141593 -2.636374
5.640034 -1.085057 3.019717 3.141593 -2.481999
5.650034 -1.065341 3.027374 3.141593 -2.330124
5.660035 -1.041922 3.034634 3.141593 -2.188249
5.670035 -1.017012 3.041513 3.141593 -2.053874
5.680035 -0.992058 3.048028 3.141593 -1.925124
5.690035 -0.965748 3.054192 3.141593 -1.803249
5.700036 -0.938505 3.060022 3.141593 -1.688249
5.710036 -0.911654 3.065531 3.141593 -1.578249
5.720036 -0.884295 3.070733 3.141593 -1.474499
5.730036 -0.857692 3.075642 3.141593 -1.375124
5.740036 -0.830107 3.080272 3.141593 -1.281999
5.750037 -0.801646 3.084635 3.141593 -1.195124
5.760037 -0.773258 3.088743 3.141593 -1.113249
5.770037 -0.746347 3.092610 3.141593 -1.034499
5.780037 -0.720491 3.096246 3.141593 -0.958874
5.790038 -0.692821 3.099662 3.141593 -0.890749
5.800038 -0.665962 3.102870 3.141593 -0.825749
5.810038 -0.640821 3.105880 3.141593 -0.763249
5.820038 -0.613732 3.108702 3.141593 -0.707624
5.830039 -0.587208 3.111346 3.141593 -0.655124
5.840039 -0.563581 3.113821 3.141593 -0.603249
5.850039 -0.541250 3.116136 3.141593 -0.553874
5.860039 -0.518080 3.118299 3.141593 -0.508874
5.870039 -0.494629 3.120318 3.141593 -0.467624
5.880040 -0.471620 3.122203 3.141593 -0.429499
5.890040 -0.450873 3.123959 3.141593 -0.391999
5.900040 -0.431156 3.125594 3.141593 -0.356374
5.910040 -0.410790 3.127115 3.141593 -0.324499
5.920041 -0.391414 3.128528 3.141593 -0.294499
5.930041 -0.372140 3.129840 3.141593 -0.267624
5.940041 -0.353220 3.131057 3.141593 -0.242624
5.950041 -0.335725 3.132184 3.141593 -0.218874
5.960042 -0.320576 3.133226 3.141593 -0.194499
5.970042 -0.302726 3.134189 3.141593 -0.175749
5.980042 -0.286547 3.135078 3.141593 -0.157624
5.990042 -0.271985 3.135898 3.141593 -0.139499
6.000042 -0.258954 3.136651 3.141593 -0.121374
6.010043 -0.245046 3.137344 3.141593 -0.106374
6.020043 -0.231309 3.137979 3.141593 -0.093249
6.030043 -0.216737 3.138560 3.141593 -0.082624
6.040043 -0.205619 3.139092 3.141593 -0.070124
6.050044 -0.195481 3.139577 3.141593 -0.057624
6.060044 -0.183973 3.140018 3.141593 -0.048249
6.070044 -0.171827 3.140419 3.141593 -0.041374
6.080044 -0.162687 3.140783 3.141593 -0.031999
6.090044 -0.152738 3.141111 3.141593 -0.025124
6.100045 -0.144761 3.141407 3.141593 -0.016999
6.110045 -0.134905 3.141672 3.141593 -0.011999
6.120045 -0.126181 3.141910 3.141593 -0.006999
6.130045 -0.119628 3.142122 3.141593 -0.000749
6.140046 -0.112574 3.142309 3.141593 0.004251
6.150046 -0.104778 3.142475 3.141593 0.007376
6.160046 -0.097787 3.142620 3.141593 0.010501
6.170046 -0.091517 3.142746 3.141593 0.013626
6.180047 -0.087131 3.142855 3.141593 0.018626
6.190047 -0.080055 3.142948 3.141593 0.019251
6.200047 -0.074990 3.143027 3.141593 0.021751
6.210047 -0.070222 3.143091 3.141593 0.023626
6.220047 -0.064146 3.143144 3.141593 0.023626
6.230048 -0.059695 3.143186 3.141593 0.024876
6.240048 -0.056171 3.143218 3.141593 0.026751
6.250048 -0.051479 3.143241 3.141593 0.026751
6.260048 -0.047195 3.143256 3.141593 0.026751
6.270049 -0.045280 3.143263 3.141593 0.029251
6.280049 -0.040640 3.143264 3.141593 0.028001
6.290049 -0.036737 3.143259 3.141593 0.027376
6.300049 -0.035747 3.143248 3.141593 0.029876
6.310050 -0.033617 3.143233 3.141593 0.030501
6.320050 -0.030572 3.143213 3.141593 0.029876
6.330050 -0.025815 3.143190 3.141593 0.026751
6.340050 -0.025860 3.143163 3.141593 0.029251
6.350050 -0.023002 3.143134 3.141593 0.028001
6.360051 -0.021320 3.143102 3.141593 0.028001
6.370051 -0.018382 3.143068 3.141593 0.026126
6.380051 -0.016635 3.143033 3.141593 0.025501
6.390051 -0.015306 3.142997 3.141593 0.024876
6.400052 -0.014206 3.142959 3.141593 0.024876
6.410052 -0.012357 3.142920 3.141593 0.023626
6.420052 -0.010709 3.142882 3.141593 0.022376
6.430052 -0.010673 3.142842 3.141593 0.023001
6.440053 -0.010095 3.142802 3.141593 0.023001
6.450053 -0.008171 3.142763 3.141593 0.021126
6.460053 -0.005984 3.142723 3.141593 0.019251
6.470053 -0.007153 3.142684 3.141593 0.021126
6.480053 -0.006450 3.142645 3.141593 0.020501
6.490054 -0.005844 3.142606 3.141593 0.019876
6.500054 -0.004218 3.142568 3.141593 0.018001
6.510054 -0.003099 3.142530 3.141593 0.016751
6.520054 -0.003004 3.142493 3.141593 0.016751
6.530055 -0.002607 3.142457 3.141593 0.016126
6.540055 -0.002931 3.142421 3.141593 0.016751
6.550055 -0.000668 3.142387 3.141593 0.014251
6.560055 -0.002561 3.142353 3.141593 0.016126
6.570055 -0.003501 3.142319 3.141593 0.017376
6.580056 0.001295 3.142287 3.141593 0.011751
6.590056 0.001029 3.142256 3.141593 0.011751
6.600056 -0.002650 3.142225 3.141593 0.016126
6.610056 -0.001648 3.142195 3.141593 0.014876
6.620057 0.000648 3.142166 3.141593 0.011751
6.630057 0.001802 3.142138 3.141593 0.009876
6.640057 -0.000052 3.142111 3.141593 0.011751
6.650057 -0.000298 3.142085 3.141593 0.011751
6.660058 0.001460 3.142060 3.141593 0.009251
6.670058 0.001800 3.142035 3.141593 0.008626
6.680058 0.001532 3.142012 3.141593 0.008626
6.690058 0.001287 3.141990 3.141593 0.008626
6.700058 0.000503 3.141968 3.141593 0.009251
6.710059 0.000326 3.141947 3.141593 0.009251
6.720059 0.002704 3.141927 3.141593 0.006126
6.730059 0.002016 3.141909 3.141593 0.006126
6.740059 0.001067 3.141891 3.141593 0.006751
6.750060 0.001882 3.141873 3.141593 0.005501
6.760060 0.002265 3.141857 3.141593 0.004876
6.770060 0.002849 3.141841 3.141593 0.004251
6.780060 0.000560 3.141826 3.141593 0.006751
6.790061 0.001145 3.141812 3.141593 0.005501
6.800061 0.001560 3.141798 3.141593 0.004876
6.810061 0.001926 3.141785 3.141593 0.004251
6.820061 0.001692 3.141773 3.141593 0.004251
6.830061 0.000897 3.141761 3.141593 0.004876
6.840062 0.002727 3.141750 3.141593 0.002376
6.850062 0.002120 3.141740 3.141593 0.002376
6.860062 0.000926 3.141730 3.141593 0.003626
6.870062 0.002163 3.141721 3.141593 0.001751
6.880063 0.002379 3.141712 3.141593 0.001126
6.890063 0.002013 3.141704 3.141593 0.001126
6.900063 0.000230 3.141697 3.141593 0.003001
6.910063 0.002063 3.141690 3.141593 0.000501
6.920063 0.003051 3.141683 3.141593 -0.000749
6.930064 0.000830 3.141677 3.141593 0.001751
6.940064 -0.000299 3.141671 3.141593 0.003001
6.950064 0.002682 3.141666 3.141593 -0.000749
6.960064 0.001665 3.141661 3.141593 -0.000124
6.970065 0.000683 3.141657 3.141593 0.001126
6.980065 0.000119 3.141653 3.141593 0.001751
6.990065 0.001050 3.141649 3.141593 0.000501
7.000065 0.000433 3.141645 3.141593 0.001126
7.010066 0.001552 3.141641 3.141593 -0.000124
7.020066 0.001109 3.141638 3.141593 0.000501
7.030066 0.000485 3.141635 3.141593 0.001126
7.040066 0.000482 3.141632 3.141593 0.001126
7.050066 -0.000080 3.141629 3.141593 0.001751
7.060067 -0.000027 3.141627 3.141593 0.001751
7.070067 0.000266 3.141624 3.141593 0.001751
7.080067 0.000043 3.141621 3.141593 0.001751
7.090067 0.000081 3.141619 3.141593 0.001751
7.100068 0.000114 3.141617 3.141593 0.001751
7.110068 0.000143 3.141614 3.141593 0.001751
7.120068 0.000169 3.141612 3.141593 0.001751
7.130068 -0.000364 3.141610 3.141593 0.002376
7.140069 0.000035 3.141608 3.141593 0.001751
7.150069 0.000065 3.141605 3.141593 0.001751
7.160069 0.000413 3.141603 3.141593 0.001126
7.170069 0.000398 3.141601 3.141593 0.001126
7.180069 0.000384 3.141599 3.141593 0.001126
7.190070 0.000372 3.141598 3.141593 0.001126
7.200070 0.000037 3.141596 3.141593 0.001751
7.210070 0.000388 3.141594 3.141593 0.001126
7.220070 -0.000184 3.141593 3.141593 0.001751
7.230071 -0.000141 3.141591 3.141593 0.001751
7.240071 0.000457 3.141589 3.141593 0.001126
7.250071 0.000992 3.141588 3.141593 0.000501
7.260071 -0.000208 3.141587 3.141593 0.001751
7.270072 -0.000161 3.141585 3.141593 0.001751
7.280072 0.000205 3.141584 3.141593 0.001126
7.290072 -0.000345 3.141582 3.141593 0.001751
7.300072 -0.000291 3.141581 3.141593 0.001751
7.310072 0.001185 3.141580 3.141593 -0.000124
7.320073 0.001064 3.141579 3.141593 -0.000124
7.330073 0.000411 3.141578 3.141593 0.000501
7.340073 -0.000511 3.141577 3.141593 0.001751
7.350073 0.001772 3.141576 3.141593 -0.000749
7.360074 0.001594 3.141576 3.141593 -0.000749
7.370074 -0.001119 3.141575 3.141593 0.002376
7.380074 -0.000659 3.141574 3.141593 0.001751
7.390074 0.000535 3.141573 3.141593 0.000501
7.400074 0.000484 3.141573 3.141593 0.000501
7.410075 -0.000121 3.141572 3.141593 0.001126
7.420075 0.000453 3.141572 3.141593 0.000501
7.430075 0.000733 3.141571 3.141593 -0.000124
7.440075 0.000085 3.141571 3.141593 0.000501
7.450076 0.001190 3.141571 3.141593 -0.000749
7.460076 0.000735 3.141571 3.141593 -0.000124
7.470076 0.000334 3.141571 3.141593 0.000501
7.480076 -0.000031 3.141571 3.141593 0.001126
7.490077 0.001079 3.141571 3.141593 -0.000124
7.500077 0.000103 3.141571 3.141593 0.001126
7.510077 -0.002444 3.141571 3.141593 0.004251
7.520077 -0.000744 3.141570 3.141593 0.002376
7.530077 0.001654 3.141570 3.141593 -0.000749
7.540078 0.000361 3.141570 3.141593 0.000501
7.550078 -0.000789 3.141569 3.141593 0.001751
7.560078 -0.000147 3.141569 3.141593 0.001126
7.570078 0.001298 3.141569 3.141593 -0.000749
7.580079 0.001155 3.141569 3.141593 -0.000749
7.590079 -0.000090 3.141569 3.141593 0.000501
7.600079 -0.000092 3.141569 3.141593 0.000501
7.610079 0.001338 3.141569 3.141593 -0.001374
7.620080 0.000631 3.141569 3.141593 -0.000749
7.630080 -0.000317 3.141569 3.141593 0.000501
7.640080 -0.000292 3.141570 3.141593 0.000501
7.650080 0.000290 3.141570 3.141593 -0.000124
7.660080 0.000815 3.141570 3.141593 -0.000749
7.670081 -0.000398 3.141570 3.141593 0.000501
7.680081 -0.000038 3.141571 3.141593 -0.000124
7.690081 -0.000046 3.141571 3.141593 -0.000124
7.700081 0.000519 3.141571 3.141593 -0.000749
7.710082 -0.000658 3.141571 3.141593 0.000501
7.720082 0.000514 3.141571 3.141593 -0.000749
7.730082 0.001546 3.141572 3.141593 -0.001999
7.740082 0.001595 3.141572 3.141593 -0.001999
7.750082 0.000532 3.141573 3.141593 -0.000749
7.760083 -0.000973 3.141574 3.141593 0.001126
7.770083 0.000238 3.141574 3.141593 -0.000124
7.780083 0.000209 3.141575 3.141593 -0.000124
7.790083 -0.001257 3.141575 3.141593 0.001751
7.800084 0.000847 3.141576 3.141593 -0.000749
7.810084 0.001618 3.141577 3.141593 -0.001999
7.820084 -0.000004 3.141577 3.141593 -0.000124
7.830084 -0.001119 3.141578 3.141593 0.001126
7.840085 -0.000772 3.141578 3.141593 0.001126
7.850085 0.001296 3.141579 3.141593 -0.001374
7.860085 -0.000600 3.141579 3.141593 0.001126
7.870085 -0.000784 3.141580 3.141593 0.001126
7.880085 0.000729 3.141580 3.141593 -0.000749
7.890086 -0.000473 3.141580 3.141593 0.000501
7.900086 0.000378 3.141581 3.141593 -0.000124
7.910086 -0.000783 3.141581 3.141593 0.001126
7.920086 -0.000155 3.141581 3.141593 0.000501
7.930087 0.000979 3.141582 3.141593 -0.000749
7.940087 -0.000558 3.141582 3.141593 0.001126
7.950087 -0.000825 3.141582 3.141593 0.001751
7.960087 0.000936 3.141582 3.141593 -0.000124
7.970088 0.000290 3.141582 3.141593 0.000501
7.980088 -0.002279 3.141582 3.141593 0.003626
7.990088 -0.000834 3.141582 3.141593 0.001751
8.000088 0.001254 3.141581 3.141593 -0.000749
8.010088 0.000257 3.141581 3.141593 0.000501
8.020088 -0.001749 3.141581 3.141593 0.003001
8.030088 -0.000914 3.141580 3.141593 0.001751
8.040089 0.001170 3.141580 3.141593 -0.000749
8.050089 0.002167 3.141580 3.141593 -0.001999
8.060089 -0.000940 3.141579 3.141593 0.001751
8.070089 -0.000528 3.141579 3.141593 0.001126
8.080090 0.001510 3.141579 3.141593 -0.001374
8.090090 0.001350 3.141579 3.141593 -0.001374
8.100090 -0.001355 3.141579 3.141593 0.001751
8.110090 0.000527 3.141579 3.141593 -0.000749
8.120090 0.002204 3.141580 3.141593 -0.003249
8.130091 0.001067 3.141581 3.141593 -0.001999
8.140091 0.000058 3.141581 3.141593 -0.000749
8.150091 -0.000509 3.141582 3.141593 -0.000124
8.160091 -0.000469 3.141582 3.141593 -0.000124
8.170092 0.000994 3.141583 3.141593 -0.001999
8.180092 0.001109 3.141584 3.141593 -0.001999
8.190092 0.000095 3.141584 3.141593 -0.000749
8.200092 -0.000476 3.141585 3.141593 -0.000124
8.210093 -0.000987 3.141586 3.141593 0.000501
8.220093 -0.000335 3.141586 3.141593 -0.000124
8.230093 0.001124 3.141587 3.141593 -0.001999
8.240093 -0.000204 3.141587 3.141593 -0.000124
8.250093 -0.000192 3.141588 3.141593 -0.000124
8.260094 0.000143 3.141588 3.141593 -0.000749
8.270094 -0.000442 3.141589 3.141593 -0.000124
8.280094 0.000379 3.141589 3.141593 -0.000749
8.290094 0.001774 3.141590 3.141593 -0.002624
8.300095 -0.001854 3.141591 3.141593 0.001751
8.310095 -0.000793 3.141591 3.141593 0.000501
8.320095 0.001836 3.141592 3.141593 -0.002624
8.330095 -0.000124 3.141592 3.141593 -0.000124
8.340096 -0.001559 3.141593 3.141593 0.001751
8.350096 0.001163 3.141593 3.141593 -0.001374
8.360096 -0.000405 3.141593 3.141593 0.000501
8.370096 -0.000916 3.141594 3.141593 0.001126
8.380096 -0.000259 3.141594 3.141593 0.000501
8.390097 -0.000228 3.141594 3.141593 0.000501
8.400097 -0.000435 3.141594 3.141593 0.000501
8.410097 -0.000617 3.141594 3.141593 0.000501
8.420097 -0.000790 3.141594 3.141593 0.000501
8.430098 0.000411 3.141594 3.141593 -0.000749
8.440098 0.000362 3.141594 3.141593 -0.000749
8.450098 0.000318 3.141594 3.141593 -0.000749
8.460098 0.000280 3.141594 3.141593 -0.000749
8.470098 0.000247 3.141594 3.141593 -0.000749
8.480099 -0.000017 3.141594 3.141593 -0.000749
8.490099 -0.000584 3.141594 3.141593 -0.000124
8.500099 0.000893 3.141595 3.141593 -0.001999
8.510099 0.001892 3.141595 3.141593 -0.003249
8.520100 0.000480 3.141596 3.141593 -0.001374
8.530100 -0.000693 3.141596 3.141593 -0.000124
8.540100 -0.000631 3.141597 3.141593 -0.000124
8.550100 0.000539 3.141597 3.141593 -0.001374
8.560101 0.001034 3.141598 3.141593 -0.001999
8.570101 -0.000843 3.141598 3.141593 0.000501
8.580101 -0.000195 3.141599 3.141593 -0.000124
8.590101 -0.000719 3.141599 3.141593 0.000501
8.600101 -0.002073 3.141599 3.141593 0.002376
8.610102 -0.000093 3.141599 3.141593 -0.000124
8.620102 0.000478 3.141599 3.141593 -0.000749
8.630102 -0.000126 3.141599 3.141593 -0.000124
8.640102 -0.000671 3.141599 3.141593 0.000501
8.650103 -0.000043 3.141599 3.141593 -0.000124
8.660103 0.000522 3.141599 3.141593 -0.000749
8.670103 -0.000088 3.141599 3.141593 -0.000124
8.680103 -0.000637 3.141599 3.141593 0.000501
8.690104 0.000546 3.141599 3.141593 -0.000749
8.700104 0.000493 3.141599 3.141593 -0.000749
8.710104 -0.000985 3.141599 3.141593 0.001126
8.720104 -0.000880 3.141599 3.141593 0.001126
8.730104 0.000654 3.141599 3.141593 -0.000749
8.740105 0.000041 3.141599 3.141593 -0.000124
8.750105 -0.001639 3.141598 3.141593 0.001751
8.760105 0.001079 3.141598 3.141593 -0.001374
8.770105 0.001844 3.141598 3.141593 -0.002624
8.780106 -0.000678 3.141598 3.141593 0.000501
8.790106 -0.000049 3.141598 3.141593 -0.000124
8.800106 0.000516 3.141599 3.141593 -0.000749
8.810106 -0.000661 3.141599 3.141593 0.000501
8.820107 0.000278 3.141599 3.141593 -0.000749
8.830107 0.001117 3.141599 3.141593 -0.001999
8.840107 0.000123 3.141599 3.141593 -0.000749
8.850107 -0.001319 3.141599 3.141593 0.001126
8.860107 -0.000393 3.141599 3.141593 0.000501
8.870108 0.001876 3.141600 3.141593 -0.001999
8.880108 -0.000302 3.141600 3.141593 0.000501
8.890108 -0.002809 3.141600 3.141593 0.003626
8.900108 -0.000419 3.141599 3.141593 0.000501
8.910109 -0.000134 3.141599 3.141593 0.000501
8.920109 0.000685 3.141599 3.141593 -0.000124
8.930109 -0.000478 3.141599 3.141593 0.001126
8.940109 -0.002096 3.141598 3.141593 0.003001
8.950109 0.000698 3.141598 3.141593 -0.000124
8.960110 0.000081 3.141597 3.141593 0.000501
8.970110 -0.000489 3.141597 3.141593 0.001126
8.980110 0.000685 3.141596 3.141593 -0.000124
8.990110 0.000624 3.141596 3.141593 -0.000124
9.000111 -0.000870 3.141595 3.141593 0.001751
9.010111 -0.000531 3.141595 3.141593 0.001751
9.020111 0.000661 3.141594 3.141593 0.000501
9.030111 -0.000499 3.141594 3.141593 0.001751
9.040112 -0.002414 3.141593 3.141593 0.004251
9.050112 -0.000150 3.141592 3.141593 0.001751
9.060112 0.001330 3.141591 3.141593 -0.000124
9.070112 -0.001342 3.141590 3.141593 0.003001
9.080112 -0.000856 3.141589 3.141593 0.002376
9.090113 0.000462 3.141588 3.141593 0.000501
9.100113 -0.001000 3.141587 3.141593 0.002376
9.110113 -0.000546 3.141586 3.141593 0.001751
9.120113 0.000648 3.141584 3.141593 0.000501
9.130114 0.000591 3.141583 3.141593 0.000501
9.140114 0.000542 3.141582 3.141593 0.000501
9.150114 -0.000057 3.141581 3.141593 0.001126
9.160114 -0.000037 3.141580 3.141593 0.001126
9.170115 0.000223 3.141579 3.141593 0.001126
9.180115 0.000209 3.141578 3.141593 0.001126
9.190115 0.000744 3.141578 3.141593 0.000501
9.200115 0.000910 3.141577 3.141593 0.000501
9.210115 0.000267 3.141577 3.141593 0.001126
9.220116 -0.000546 3.141576 3.141593 0.001751
9.230116 -0.000155 3.141575 3.141593 0.001126
9.240116 -0.000124 3.141574 3.141593 0.001126
9.250116 0.000451 3.141574 3.141593 0.000501
9.260117 0.000644 3.141573 3.141593 0.000501
9.270117 0.000580 3.141573 3.141593 0.000501
9.280117 0.000197 3.141572 3.141593 0.001126
9.290117 0.000421 3.141572 3.141593 0.001126
9.300117 0.000392 3.141572 3.141593 0.001126
9.310118 -0.001296 3.141571 3.141593 0.003001
9.320118 -0.002490 3.141570 3.141593 0.004251
9.330118 0.001211 3.141569 3.141593 -0.000124
9.340118 0.001960 3.141568 3.141593 -0.001374
9.350119 0.000305 3.141568 3.141593 0.000501
9.360119 0.000828 3.141568 3.141593 -0.000124
9.370119 0.000417 3.141567 3.141593 0.000501
9.380119 0.000379 3.141567 3.141593 0.000501
9.390120 -0.000234 3.141567 3.141593 0.001126
9.400120 0.001469 3.141567 3.141593 -0.000749
9.410120 -0.000439 3.141567 3.141593 0.001751
9.420120 -0.000712 3.141567 3.141593 0.002376
9.430120 0.000254 3.141567 3.141593 0.001126
9.440121 -0.000323 3.141566 3.141593 0.001751
9.450121 -0.000284 3.141566 3.141593 0.001751
9.460121 0.000622 3.141566 3.141593 0.000501
9.470121 0.000560 3.141565 3.141593 0.000501
9.480122 -0.000601 3.141565 3.141593 0.001751
9.490122 -0.000541 3.141564 3.141593 0.001751
9.500122 0.001832 3.141564 3.141593 -0.001374
9.510122 -0.000354 3.141564 3.141593 0.001126
9.520123 -0.000324 3.141564 3.141593 0.001126
9.530123 0.001377 3.141564 3.141593 -0.000749
9.540123 0.000912 3.141564 3.141593 -0.000124
9.550123 -0.000625 3.141564 3.141593 0.001751
9.560123 -0.000003 3.141564 3.141593 0.001126
9.570124 0.000557 3.141564 3.141593 0.000501
9.580124 -0.000369 3.141563 3.141593 0.001751
9.590124 -0.000885 3.141563 3.141593 0.002376
9.600124 0.000406 3.141563 3.141593 0.000501
9.610125 0.000605 3.141563 3.141593 0.000501
9.620125 -0.000002 3.141562 3.141593 0.001126
9.630125 -0.001429 3.141562 3.141593 0.003001
9.640125 0.000248 3.141562 3.141593 0.000501
9.650126 0.000465 3.141561 3.141593 0.000501
9.660126 0.000410 3.141561 3.141593 0.000501
9.670126 0.001233 3.141560 3.141593 -0.000749
9.680126 0.001098 3.141560 3.141593 -0.000749
9.690126 -0.000149 3.141560 3.141593 0.000501
9.700127 0.000741 3.141560 3.141593 -0.000749
9.710127 0.000405 3.141561 3.141593 -0.000749
9.720127 0.000669 3.141561 3.141593 -0.001374
9.730127 0.000567 3.141561 3.141593 -0.001374
9.740128 0.002152 3.141562 3.141593 -0.003249
9.750128 0.001560 3.141563 3.141593 -0.002624
9.760128 0.001048 3.141564 3.141593 -0.001999
9.770128 -0.000284 3.141565 3.141593 -0.000124
9.780128 0.000275 3.141566 3.141593 -0.000749
9.790129 0.000542 3.141567 3.141593 -0.001374
9.800129 0.000208 3.141568 3.141593 -0.001374
9.810129 0.001277 3.141570 3.141593 -0.002624
9.820129 -0.000083 3.141571 3.141593 -0.000749
9.830130 -0.000662 3.141572 3.141593 -0.000124
9.840130 0.000810 3.141574 3.141593 -0.001999
9.850130 0.001169 3.141575 3.141593 -0.001999
9.860130 0.000391 3.141577 3.141593 -0.000749
9.870131 -0.001886 3.141578 3.141593 0.001751
9.880131 -0.001694 3.141578 3.141593 0.001751
9.890131 0.000462 3.141579 3.141593 -0.000749
9.900131 0.000966 3.141580 3.141593 -0.001374
9.910131 -0.001380 3.141581 3.141593 0.001126
9.920132 -0.000377 3.141582 3.141593 -0.000124
9.930132 0.001088 3.141582 3.141593 -0.001999
9.940132 0.000398 3.141583 3.141593 -0.001374
9.950132 -0.001091 3.141584 3.141593 0.000501
9.960133 0.000112 3.141585 3.141593 -0.000749
9.970133 0.002074 3.141586 3.141593 -0.003249
9.980133 0.000072 3.141587 3.141593 -0.000749
9.990133 -0.000271 3.141587 3.141593 -0.000124
